m1 = 475
m2 = 53
k1 = 5400
k2 = 135000
c1 = 310
c2 = 1200
h = 1
hp = 1

H = 0.24
L = 1

v = [0;0;1;1]
H = [0 0 1 0;0 0 0 1;-k1/m1 k1/m1 -c1/m1 c1/m1;k1/m2 -(k1+k2)/m2 c1/m2 -(c1+c2)/m2]
g = [0;0;0;(k2*h+c2*hp)/m2]

a = [1,2]*[3;4]
b = [1,2].*[3 4]

dv = H*v+g